418	417	416
2	4	1
378	417	225
225	340	378
377	376	390
306	305	334
1	4	7
7	10	11
415	416	390
418	416	415
418	415	406
406	415	407
330	361	331
340	321	331
372	361	371
409	416	417
409	408	416
330	331	323
323	331	321
302	261	282
302	321	340
302	340	225
225	261	302
240	261	225
225	213	240
247	213	217
247	240	213
371	377	391
416	408	391
390	416	391
391	377	390
354	361	330
371	361	354
354	377	371
403	413	386
414	404	418
382	381	410
410	400	382
381	382	373
194	229	218
218	229	233
305	267	343
343	334	305
381	373	343
350	334	343
343	373	350
157	158	147
157	229	194
157	267	229
77	39	157
39	267	157
174	157	194
158	157	174
294	295	269
306	334	325
325	334	350
358	325	350
326	325	358
210	196	205
4	2	3
3	36	4
92	101	82
31	35	11
407	415	397
390	376	397
397	415	390
340	331	355
355	331	361
361	372	355
355	378	340
355	372	378
399	372	371
371	391	399
399	391	408
408	409	399
292	323	321
292	302	282
321	302	292
204	213	225
261	240	253
240	247	253
282	261	253
241	222	231
264	231	236
413	404	387
387	386	413
398	382	400
176	153	187
194	218	195
195	174	194
294	269	275
275	287	294
328	316	315
384	375	374
412	404	413
412	413	403
412	410	418
418	404	412
412	384	411
294	287	313
326	335	313
374	375	344
344	336	335
326	358	351
351	335	326
351	344	335
374	344	351
196	210	219
262	248	233
233	229	262
229	267	262
246	248	254
233	248	246
254	248	283
283	275	254
287	275	283
72	39	77
62	92	82
176	198	173
173	198	206
35	31	51
51	31	56
95	90	70
70	51	56
69	89	95
69	70	56
95	70	69
11	10	19
19	31	11
29	7	14
29	48	49
68	48	67
49	48	68
56	31	30
30	19	10
31	19	30
378	372	392
372	399	392
417	378	392
392	409	417
392	399	409
323	292	291
320	311	300
339	354	330
217	213	209
185	184	209
209	204	185
213	204	209
192	227	216
274	265	259
259	265	232
212	216	245
185	204	186
186	204	225
388	414	418
206	221	199
220	219	230
215	221	206
206	198	215
198	220	215
115	157	147
77	157	115
115	110	77
147	158	134
386	387	379
345	365	379
379	365	386
404	414	405
383	384	374
411	384	383
362	373	382
382	398	362
350	373	362
362	358	350
132	119	101
197	187	196
197	220	198
197	198	176
176	187	197
196	219	197
219	220	197
205	196	175
196	187	175
254	275	263
263	275	269
276	269	295
393	365	364
403	386	393
386	365	393
375	384	385
384	412	385
364	375	385
385	393	364
326	313	322
322	313	287
322	325	326
306	325	322
352	375	364
352	344	375
336	344	352
233	246	214
214	246	210
214	218	233
214	210	205
205	195	214
214	195	218
234	246	254
234	263	230
254	263	234
230	219	234
234	219	210
210	246	234
293	305	306
293	267	305
248	262	268
268	283	248
268	262	267
267	293	268
8	15	1
80	81	60
80	79	111
100	80	111
81	80	100
92	62	61
61	81	92
60	81	61
61	43	60
160	153	176
176	173	160
13	4	24
4	36	24
65	54	64
54	53	64
53	63	64
46	54	65
65	75	46
82	101	112
101	119	112
35	51	71
71	70	90
51	70	71
95	89	107
10	7	37
7	29	37
37	30	10
37	29	49
49	68	76
89	69	76
89	76	88
88	76	68
281	265	274
285	291	292
285	292	282
282	253	285
285	281	291
330	323	312
323	291	312
312	339	330
311	339	312
320	300	299
354	339	349
376	377	349
377	354	349
224	193	202
202	212	224
202	193	183
203	209	184
217	209	203
238	227	237
237	266	238
245	216	238
238	216	227
223	244	237
237	227	223
202	183	182
232	265	239
239	247	217
192	216	208
216	212	208
208	212	202
202	182	208
370	397	376
348	360	333
250	244	241
188	199	191
226	199	221
236	231	226
226	221	236
226	231	222
222	191	226
226	191	199
177	173	206
206	199	177
177	199	188
188	161	177
236	221	243
221	215	243
116	131	97
116	134	131
97	110	116
110	115	116
116	115	147
147	134	116
125	100	118
111	117	118
118	100	111
366	379	387
411	383	401
401	400	410
401	398	400
401	383	398
410	412	401
401	412	411
398	383	363
358	362	363
363	362	398
363	383	374
374	351	363
363	351	358
172	195	205
205	175	172
158	174	172
174	195	172
159	187	153
159	175	187
249	243	235
235	220	230
235	215	220
235	243	215
269	276	255
255	276	249
249	235	255
255	263	269
230	263	255
255	235	230
315	316	296
296	316	303
303	270	296
403	393	402
393	385	402
402	412	403
402	385	412
288	276	295
295	314	288
288	314	315
315	296	288
327	314	336
336	352	327
327	328	315
315	314	327
336	314	307
307	313	335
335	336	307
307	314	295
307	295	294
294	313	307
345	328	359
359	365	345
328	327	359
359	327	352
364	365	359
359	352	364
286	293	306
286	268	293
283	268	286
306	322	286
287	283	286
286	322	287
2	34	12
12	3	2
12	16	3
59	41	57
59	91	79
33	34	2
15	8	20
58	59	57
91	59	58
111	79	99
79	91	99
99	91	97
99	117	111
97	131	99
131	117	99
73	80	60
79	80	73
73	59	79
41	59	73
36	3	23
3	16	23
92	81	98
81	100	98
101	92	98
98	100	125
98	132	101
125	132	98
135	132	125
45	24	36
53	24	45
45	63	53
25	53	54
25	24	53
25	17	13
13	24	25
84	64	63
84	102	96
54	46	26
26	25	54
17	25	26
85	75	65
129	103	96
120	112	119
102	112	120
119	151	120
47	46	75
75	66	47
171	184	185
171	166	184
156	166	149
56	30	50
30	37	50
50	69	56
50	76	69
50	37	49
49	76	50
260	285	253
281	285	260
260	253	247
265	281	260
247	239	260
260	239	265
291	281	301
301	312	291
311	312	301
301	281	274
274	300	301
301	300	311
290	299	279
290	304	310
280	299	300
280	300	274
274	259	280
259	252	280
279	299	280
280	252	279
376	349	353
353	370	376
360	370	353
242	212	245
242	224	212
232	224	242
245	252	242
242	259	232
242	252	259
165	183	156
165	143	170
170	182	165
165	182	183
184	166	190
190	203	184
193	203	190
190	166	156
156	183	190
190	183	193
193	224	228
228	203	193
228	224	232
232	239	228
217	203	228
228	239	217
181	182	170
170	155	181
192	208	181
181	208	182
211	222	241
241	244	211
244	223	211
201	227	192
201	223	227
279	252	251
251	252	245
245	238	251
251	238	266
109	71	90
35	71	109
109	186	225
109	150	186
407	397	396
397	370	396
396	406	407
389	388	418
418	406	389
406	396	389
348	333	342
342	333	310
279	251	273
273	251	266
273	290	279
304	290	273
257	250	241
241	231	257
231	264	257
277	250	257
272	273	266
304	273	272
303	316	308
308	297	303
179	162	178
188	191	178
125	118	137
153	160	137
137	135	125
160	135	137
414	388	395
395	405	414
345	379	346
379	366	346
148	159	153
148	118	117
153	137	148
148	137	118
175	159	168
168	172	175
168	134	158
158	172	168
136	117	131
136	168	159
136	148	117
159	148	136
131	134	136
134	168	136
256	270	264
256	243	249
256	264	236
236	243	256
9	33	2
9	2	1
1	15	9
42	33	41
41	73	42
42	43	34
34	33	42
60	43	42
42	73	60
57	20	40
39	72	40
40	58	57
72	58	40
32	20	8
1	39	32
32	8	1
39	40	32
32	40	20
78	58	72
91	58	78
97	91	78
78	110	97
77	110	78
78	72	77
34	43	22
22	12	34
16	12	22
22	23	16
36	23	44
44	45	36
52	61	62
43	61	52
62	44	52
52	44	23
52	22	43
23	22	52
132	135	138
119	132	138
138	151	119
161	151	138
63	45	74
45	44	74
74	62	82
74	44	62
93	84	96
64	84	93
65	64	93
96	103	93
93	85	65
103	85	93
83	84	63
82	112	83
83	112	102
102	84	83
83	74	82
63	74	83
86	66	75
75	85	86
55	66	67
55	47	66
67	48	55
14	7	6
38	26	46
46	47	38
114	107	89
89	88	114
156	149	144
144	165	156
126	143	144
143	165	144
87	88	68
87	68	67
320	299	319
299	290	319
319	290	310
310	333	319
338	353	349
338	349	339
338	311	320
338	339	311
139	120	151
207	211	223
223	201	207
189	201	192
189	155	164
192	181	189
189	181	155
163	162	179
164	141	163
170	143	142
142	155	170
130	143	126
126	105	130
130	142	143
122	142	130
108	107	133
108	109	90
108	90	95
95	107	108
369	396	370
369	389	396
369	370	360
369	360	348
271	297	277
277	257	271
271	257	264
303	297	271
271	270	303
264	270	271
244	250	258
258	272	266
237	244	258
258	266	237
277	297	289
309	342	310
310	304	309
179	178	200
200	207	179
211	207	200
222	211	200
200	191	222
200	178	191
154	178	162
154	139	151
162	139	154
188	178	154
154	161	188
154	151	161
345	346	341
341	328	345
316	328	341
341	308	316
308	341	332
332	341	346
284	288	296
284	296	270
270	256	284
284	256	249
249	276	284
276	288	284
21	9	15
33	9	21
15	20	21
21	20	57
57	41	21
41	33	21
169	177	161
161	138	169
169	160	173
173	177	169
169	135	160
169	138	135
66	86	94
105	87	94
67	66	94
94	87	67
104	130	105
122	130	104
105	94	104
104	94	86
17	26	5
26	38	5
5	38	6
5	4	13
13	17	5
5	7	4
5	6	7
47	55	27
27	38	47
6	38	27
150	146	167
167	146	171
167	171	185
185	186	167
186	150	167
150	109	127
127	146	150
133	146	127
127	108	133
109	108	127
133	107	124
107	114	124
106	87	105
106	105	126
106	114	88
88	87	106
353	338	324
324	333	360
360	353	324
324	338	320
320	319	324
324	319	333
140	139	162
162	163	140
140	141	129
140	163	141
102	120	128
120	139	128
139	140	128
128	140	129
96	102	128
128	129	96
180	207	201
164	163	180
179	207	180
180	163	179
180	189	164
201	189	180
155	142	152
152	142	122
164	155	152
152	141	164
298	289	318
318	309	298
304	272	298
298	309	304
405	395	394
395	367	394
394	367	366
404	405	394
394	387	404
394	366	387
297	308	317
308	332	317
332	329	317
317	329	318
317	289	297
318	289	317
103	129	121
129	141	121
141	152	121
121	152	122
113	86	85
113	104	86
113	85	103
103	121	113
122	104	113
113	121	122
14	6	18
6	27	18
133	124	145
145	124	149
145	149	166
166	171	145
145	146	133
171	146	145
123	144	149
149	124	123
126	144	123
123	106	126
123	124	114
114	106	123
289	298	278
278	258	250
272	258	278
278	298	272
278	250	277
277	289	278
380	369	348
388	389	380
389	369	380
329	357	337
318	329	337
342	309	337
337	309	318
356	329	332
356	357	329
367	357	356
366	367	356
356	346	366
356	332	346
14	18	28
28	18	27
28	29	14
48	29	28
28	55	48
28	27	55
388	380	368
368	395	388
368	367	395
368	357	367
342	337	347
347	337	357
348	342	347
357	368	347
347	380	348
347	368	380
